image_width: 320		
image_height: 240
camera_name: guidance5/right
camera_matrix:
  rows: 3
  cols: 3
  data: [251.767634, 0.000000, 158.500846, 0.000000, 250.670115, 120.196562, 0.000000, 0.000000, 1.000000]
distortion_model: plumb_bob
distortion_coefficients:
  rows: 1
  cols: 5
  data: [-0.000455, 0.076178, 0.001712, -0.001640, 0.000000]
rectification_matrix:
  rows: 3
  cols: 3
  data: [0.999730, -0.002649, -0.023093, 0.002574, 0.999991, -0.003261, 0.023101, 0.003200, 0.999728]
projection_matrix:
  rows: 3
  cols: 4
  data: [261.858237, 0.000000, 165.545612, -39.273103, 0.000000, 261.858237, 121.687323, 0.000000, 0.000000, 0.000000, 1.000000, 0.000000]
